label_name,bbox_x,bbox_y,bbox_width,bbox_height,image_name,image_width,image_height
boat,119,409,113,60,image_2025_10_14_11_00_40.jpg,1280,720
boat,234,389,34,45,image_2025_10_14_11_00_40.jpg,1280,720
boat,289,374,36,49,image_2025_10_14_11_00_40.jpg,1280,720
boat,316,407,30,28,image_2025_10_14_11_00_40.jpg,1280,720
boat,537,363,29,40,image_2025_10_14_11_00_40.jpg,1280,720
boat,583,371,47,51,image_2025_10_14_11_00_40.jpg,1280,720
boat,654,358,29,28,image_2025_10_14_11_00_40.jpg,1280,720
boat,659,383,24,31,image_2025_10_14_11_00_40.jpg,1280,720
boat,243,332,88,80,image_2025_10_14_11_00_48.jpg,1280,720
boat,343,344,37,45,image_2025_10_14_11_00_48.jpg,1280,720
boat,392,349,44,42,image_2025_10_14_11_00_48.jpg,1280,720
boat,405,376,36,28,image_2025_10_14_11_00_48.jpg,1280,720
boat,629,410,27,42,image_2025_10_14_11_00_48.jpg,1280,720
boat,668,435,47,38,image_2025_10_14_11_00_48.jpg,1280,720
boat,738,465,29,22,image_2025_10_14_11_00_48.jpg,1280,720
boat,745,443,28,30,image_2025_10_14_11_00_48.jpg,1280,720
boat,153,391,110,76,image_2025_10_14_11_00_55.jpg,1280,720
boat,273,421,37,38,image_2025_10_14_11_00_55.jpg,1280,720
boat,340,423,34,36,image_2025_10_14_11_00_55.jpg,1280,720
boat,357,442,36,36,image_2025_10_14_11_00_55.jpg,1280,720
boat,605,513,30,36,image_2025_10_14_11_00_55.jpg,1280,720
boat,652,531,53,42,image_2025_10_14_11_00_55.jpg,1280,720
boat,743,568,27,19,image_2025_10_14_11_00_55.jpg,1280,720
boat,738,553,37,19,image_2025_10_14_11_00_55.jpg,1280,720
boat,384,417,84,75,image_2025_10_14_11_00_59.jpg,1280,720
boat,481,421,35,45,image_2025_10_14_11_00_59.jpg,1280,720
boat,525,422,42,39,image_2025_10_14_11_00_59.jpg,1280,720
boat,546,451,34,30,image_2025_10_14_11_00_59.jpg,1280,720
boat,775,469,25,46,image_2025_10_14_11_00_59.jpg,1280,720
boat,813,495,52,39,image_2025_10_14_11_00_59.jpg,1280,720
boat,898,522,24,24,image_2025_10_14_11_00_59.jpg,1280,720
boat,902,499,32,25,image_2025_10_14_11_00_59.jpg,1280,720
boat,302,454,117,74,image_2025_10_14_11_01_04.jpg,1280,720
boat,400,440,31,53,image_2025_10_14_11_01_04.jpg,1280,720
boat,459,443,30,49,image_2025_10_14_11_01_04.jpg,1280,720
boat,494,475,27,36,image_2025_10_14_11_01_04.jpg,1280,720
boat,671,460,34,51,image_2025_10_14_11_01_04.jpg,1280,720
boat,723,484,36,37,image_2025_10_14_11_01_04.jpg,1280,720
boat,782,481,30,27,image_2025_10_14_11_01_04.jpg,1280,720
boat,799,503,20,25,image_2025_10_14_11_01_04.jpg,1280,720
boat,303,603,125,76,image_2025_10_14_11_01_07.jpg,1280,720
boat,407,586,32,60,image_2025_10_14_11_01_07.jpg,1280,720
boat,469,591,30,49,image_2025_10_14_11_01_07.jpg,1280,720
boat,502,616,31,42,image_2025_10_14_11_01_07.jpg,1280,720
boat,682,596,39,46,image_2025_10_14_11_01_07.jpg,1280,720
boat,734,617,47,42,image_2025_10_14_11_01_07.jpg,1280,720
boat,799,610,38,25,image_2025_10_14_11_01_07.jpg,1280,720
boat,819,631,24,34,image_2025_10_14_11_01_07.jpg,1280,720
boat,417,425,148,86,image_2025_10_14_11_01_30.jpg,1280,720
boat,524,374,49,62,image_2025_10_14_11_01_30.jpg,1280,720
boat,597,359,39,68,image_2025_10_14_11_01_30.jpg,1280,720
boat,641,413,36,49,image_2025_10_14_11_01_30.jpg,1280,720
boat,823,221,32,51,image_2025_10_14_11_01_30.jpg,1280,720
boat,859,237,43,57,image_2025_10_14_11_01_30.jpg,1280,720
boat,935,230,40,28,image_2025_10_14_11_01_30.jpg,1280,720
boat,945,254,24,39,image_2025_10_14_11_01_30.jpg,1280,720
boat,671,500,139,111,image_2025_10_14_11_01_33.jpg,1280,720
boat,794,476,36,72,image_2025_10_14_11_01_33.jpg,1280,720
boat,858,487,51,65,image_2025_10_14_11_01_33.jpg,1280,720
boat,902,553,38,40,image_2025_10_14_11_01_33.jpg,1280,720
boat,1157,414,45,45,image_2025_10_14_11_01_33.jpg,1280,720
boat,1203,440,61,47,image_2025_10_14_11_01_33.jpg,1280,720
boat,15,411,190,118,image_2025_10_14_11_01_36.jpg,1280,720
boat,186,359,49,97,image_2025_10_14_11_01_36.jpg,1280,720
boat,278,368,43,76,image_2025_10_14_11_01_36.jpg,1280,720
boat,315,433,59,56,image_2025_10_14_11_01_36.jpg,1280,720
boat,558,267,34,43,image_2025_10_14_11_01_36.jpg,1280,720
boat,593,288,46,44,image_2025_10_14_11_01_36.jpg,1280,720
boat,669,319,24,35,image_2025_10_14_11_01_36.jpg,1280,720
boat,669,294,34,25,image_2025_10_14_11_01_36.jpg,1280,720
boat,65,306,184,188,image_2025_10_14_11_01_40.jpg,1280,720
boat,256,359,67,108,image_2025_10_14_11_01_40.jpg,1280,720
boat,360,406,64,73,image_2025_10_14_11_01_40.jpg,1280,720
boat,397,474,64,58,image_2025_10_14_11_01_40.jpg,1280,720
boat,678,480,39,35,image_2025_10_14_11_01_40.jpg,1280,720
boat,717,511,51,45,image_2025_10_14_11_01_40.jpg,1280,720
boat,797,568,35,27,image_2025_10_14_11_01_40.jpg,1280,720
boat,797,539,32,28,image_2025_10_14_11_01_40.jpg,1280,720
boat,91,438,219,175,image_2025_10_14_11_01_47.jpg,1280,720
boat,282,432,53,109,image_2025_10_14_11_01_47.jpg,1280,720
boat,380,459,46,84,image_2025_10_14_11_01_47.jpg,1280,720
boat,429,535,60,65,image_2025_10_14_11_01_47.jpg,1280,720
boat,617,435,37,37,image_2025_10_14_11_01_47.jpg,1280,720
boat,656,463,47,44,image_2025_10_14_11_01_47.jpg,1280,720
boat,734,507,31,25,image_2025_10_14_11_01_47.jpg,1280,720
boat,730,472,29,35,image_2025_10_14_11_01_47.jpg,1280,720